496

0.0331146359951  0.387942498764  0.0105755914197
0.290729160638  0.564547979924  0.0120708909381
0.0224184125686  0.35115484443  0.0142025301121
0.314672066321  0.108884102166  0.0141187131763
0.366052106354  0.600882104355  0.0107681264343
0.332908694448  0.433563353427  0.0146605540996
0.128160756174  0.229658877611  0.0128737202216
0.27364301156  0.203856970576  0.0140373547662
0.26735910655  0.440173555274  0.0122116251218
0.0968798504487  0.592916462029  0.0116524746966
0.0248741354932  0.678559525055  0.0122048753315
0.317047515303  0.330510991192  0.0149209928216
0.0880637121694  0.454357844867  0.0110765897598
0.327555056032  0.860287123624  0.0121462829232
0.345402561351  0.946738326922  0.0104645021837
0.306869704468  0.65551241492  0.0128941922856
0.0808922865576  0.355990400742  0.0134711654011
0.13512847985  0.367502941214  0.014785906847
0.300471963352  0.936887835128  0.012466267209
0.262369193855  0.724526201132  0.0139295547461
0.37142706837  0.426797891556  0.0122328201827
0.0501147185762  0.730206065706  0.0110080995301
0.111099245279  0.151224873744  0.0149756619944
0.313010081194  0.73778918525  0.01271224326
0.0874646873163  0.117775821068  0.0146712528036
0.315286503176  0.599677509351  0.0136980746348
0.326672340231  0.480047315393  0.0144259212562
0.173050044723  0.262000327772  0.0143489528084
0.173904192019  0.681267673534  0.0109529418571
0.285813227868  0.75447738465  0.0148018653871
0.0178806606338  0.0597126620483  0.0149922268927
0.0580847557193  0.298090164704  0.0149441858394
0.1159049238  0.463205671669  0.0135249426023
0.0416959956267  0.821307453023  0.0127575647347
0.347362469084  0.897331598197  0.0110667851515
0.3205024052  0.76768768048  0.01027942439
0.12463600129  0.253431211689  0.0108372358606
0.201244172735  0.576908125936  0.0121600515082
0.109438528411  0.550709864224  0.014146821919
0.371142658397  0.366608634724  0.0104667843603
0.0682084709253  0.971703038532  0.0129453636157
0.261790182693  0.335811122116  0.013387560291
0.154275992128  0.782300144921  0.0103912889878
0.294498271802  0.442791358649  0.0103289535825
0.161404372844  0.510801501598  0.0147205421648
0.292500919573  0.51173814717  0.0147064089367
0.212754836908  0.193990896132  0.0114555344765
0.372228276921  0.210366180155  0.0138378041214
0.319215840296  0.0448313465777  0.0149949330993
0.0557496695171  0.668917424318  0.011298893579
0.208440956734  0.7648348355  0.0143251163678
0.198974842981  0.122223145483  0.0118410224806
0.27292060417  0.143364120706  0.0123110465964
0.160753576308  0.154880064545  0.0105078734614
0.157230619664  0.391530484524  0.0114020175927
0.360140897496  0.82352138477  0.0100297414875
0.153183050549  0.0554317559436  0.0135153127549
0.312484544678  0.237287289358  0.0135149929903
0.336647529704  0.211711782612  0.0118991976752
0.127542683617  0.875536837986  0.0147185323553
0.103516498345  0.932845941096  0.0125138842126
0.286424083936  0.299573167252  0.0135028960943
0.0805948665986  0.87916970384  0.0116437877784
0.226992880367  0.576003004185  0.0126881650266
0.235896213378  0.942911411509  0.0142155834179
0.0744977943233  0.492847940492  0.0125936784482
0.217058400654  0.364678508774  0.0115462072902
0.0179455111022  0.457478641848  0.0128417300833
0.0263778634141  0.953068017065  0.0134340738169
0.332810499763  0.706302026391  0.012629178175
0.0324637290075  0.557581442388  0.0139804205514
0.335152008125  0.564845849698  0.011393095585
0.157809012082  0.216731440946  0.0131766666625
0.238889608133  0.43748423625  0.0140960198083
0.192689178488  0.98407977861  0.0127588442806
0.378995319656  0.2697342031  0.0122675969933
0.204525451987  0.694740356267  0.0140131000365
0.168065481446  0.839315097548  0.0144762431399
0.112841120715  0.96862487657  0.0135952412361
0.282927945108  0.350435955767  0.0102340261051
0.35589673432  0.315754685326  0.0115188491625
0.111687724892  0.271994798574  0.0111369036705
0.284813283511  0.694360094125  0.0116191080562
0.282525260326  0.0569627915643  0.0119552877532
0.0574712942821  0.172975348216  0.0139504075964
0.0982874505228  0.659086315472  0.0120624239048
0.199147000237  0.0801362525933  0.011821480751
0.326016537297  0.185426333686  0.012547205748
0.26149030808  0.170776600196  0.0114257459708
0.0907917328366  0.328688625736  0.0102645198424
0.148960486322  0.578629554169  0.0103835990528
0.187544637166  0.785627106086  0.0132030777155
0.0887632957543  0.170728673365  0.013454937718
0.224070323577  0.244816852876  0.0124666919954
0.0245259658876  0.531360515918  0.0129332039295
0.195980053187  0.457864135071  0.0135647852406
0.234050469528  0.524771031037  0.0112264484095
0.35410894388  0.394755343827  0.0133947241213
0.362196148873  0.874200913515  0.0110385632463
0.249647488176  0.889289028989  0.0148822527199
0.236625973736  0.792222813147  0.0125746296847
0.237552703681  0.266980737662  0.0106725522713
0.211392242917  0.664558993014  0.0128293956331
0.344568827167  0.766560999718  0.0131147325658
0.106034868438  0.814331565423  0.0126239206856
0.380082506211  0.144057854995  0.0116926739317
0.359470614641  0.0325348423409  0.0133521631556
0.363965343522  0.531862856119  0.0112647176043
0.170962125978  0.417744382577  0.0117076550043
0.16925635405  0.31497260072  0.0125992710735
0.116181451766  0.338637596227  0.0145320700432
0.0806796974282  0.19845943518  0.0121719010193
0.227799550086  0.325979877417  0.0144323803004
0.272760443358  0.6672063885  0.0115600716098
0.150170070084  0.908179216185  0.0117034012547
0.364344035201  0.505791754785  0.0129771700162
0.122691649706  0.429757720783  0.0141906230579
0.340411715975  0.149808324627  0.0144609058571
0.0632472139846  0.0274953359994  0.011203122148
0.0501822618148  0.454839151568  0.0136376916682
0.0384701537869  0.242765706782  0.0142495634258
0.200020138589  0.314412181257  0.0146740103632
0.036199639883  0.205510298182  0.0127726012658
0.0429312107139  0.606683509699  0.0133560307151
0.088044856613  0.721788942694  0.0105095195541
0.0209954196591  0.166681152297  0.0115194359676
0.0665501885424  0.267770931007  0.0105180150491
0.117296560603  0.787478619992  0.0148251510899
0.302308103001  0.712120454872  0.01240280252
0.10079774397  0.24962210049  0.0131524095289
0.30618849482  0.798336384021  0.0121230837968
0.111302251836  0.523889559825  0.0102548865942
0.255323901634  0.55157409918  0.0105006698749
0.2043107685  0.88919131387  0.0123367016222
0.340255619692  0.274518800405  0.012415566174
0.239046290997  0.130889364307  0.0126101865342
0.282158401768  0.877149986063  0.0138761166351
0.0201005589498  0.279270491806  0.0116915173325
0.234573411793  0.768522835417  0.0102772358599
0.0868526626394  0.0621772507948  0.0127085879525
0.317335374062  0.380431189105  0.012881331829
0.169030933655  0.631300559598  0.0126031042608
0.111456968864  0.499328858354  0.0129684058045
0.207736291773  0.0261551002064  0.0111748388052
0.24662878401  0.677352753636  0.0126099889928
0.247373630503  0.041786657947  0.0120443247058
0.0564148737812  0.408361120099  0.0132587943003
0.259277317731  0.613810846852  0.0100812261609
0.239555940055  0.0860764204778  0.0130954772457
0.187714557703  0.533021785125  0.0101455798927
0.144862824501  0.450874184837  0.0126913279754
0.162343867118  0.718042498326  0.0145451018413
0.145944891207  0.317832287185  0.0107918466344
0.0952265120197  0.422242630239  0.0110631970049
0.254416126136  0.981375253091  0.0144248002903
0.0704090004385  0.601415393008  0.0127713277561
0.155292879859  0.284465027079  0.0119989112579
0.13307422543  0.695207023868  0.0137307406047
0.125385340811  0.29552962646  0.0142764983076
0.33878701158  0.352036177291  0.0120585852037
0.0536421737706  0.934666365523  0.0120311902958
0.262125622732  0.467272382115  0.0142631179183
0.137110127233  0.640916611053  0.0113255591073
0.259838937165  0.770634226014  0.0115679478556
0.117049718984  0.122262683894  0.0121197507963
0.102414069446  0.62128957982  0.011634416826
0.285940080587  0.24987407233  0.0129234066049
0.158456264066  0.557639955482  0.0111667971178
0.19866794496  0.605750092553  0.0116931448425
0.117971656159  0.751912283579  0.0128024742746
0.0377287900705  0.116472868913  0.0113281614019
0.163569437074  0.182886155691  0.0117602848003
0.349035137638  0.106747081813  0.0118421580094
0.270898599001  0.585910179397  0.0137087874567
0.0808718744545  0.798538935505  0.0100565216325
0.292311024079  0.41325433443  0.0119445417574
0.32082362253  0.298930770335  0.0127290077268
0.0613152014819  0.767366359515  0.0102160619763
0.122143667477  0.587744325481  0.0109571613534
0.348330076143  0.616383416298  0.0121692283248
0.0667793632587  0.836270534444  0.0103701686806
0.300905748065  0.906274704808  0.0137497561691
0.14381195294  0.809998606638  0.0123696196871
0.0384689900318  0.852614866879  0.0100532620883
0.020110305048  0.980561128767  0.013865276262
0.10758575429  0.0316119100438  0.0120854207672
0.194194362166  0.157886711401  0.0121379654887
0.03844225499  0.888643777439  0.0129452227026
0.212016352193  0.510892272534  0.0144325849289
0.0396160621711  0.781010565649  0.0107477739079
0.0129956012769  0.0923067533608  0.011654065779
0.194254913804  0.628039866625  0.0101239423141
0.227300719254  0.476665591318  0.0119996087019
0.367885627116  0.965571229256  0.0127502044145
0.230532964739  0.708751394395  0.0147299248598
0.378464144116  0.578089008608  0.0124397217682
0.240109247948  0.846753280574  0.0110632896284
0.0371945143774  0.489969420827  0.0147928969603
0.371506957299  0.917564238517  0.012409932225
0.286106980873  0.112171416541  0.0104482635395
0.36603431477  0.683205659695  0.0148402286213
0.143963959538  0.130380034424  0.0100722530837
0.165900273946  0.603450510336  0.0136455435818
0.111814496293  0.89944530446  0.0122508016603
0.0663142273313  0.906207477467  0.0125230964149
0.272943883274  0.847482023742  0.0136176436723
0.342649594914  0.0743878378718  0.0113086477023
0.0623753068118  0.127647261925  0.0106960525269
0.0416717483789  0.646342082807  0.0107720247791
0.28998757605  0.978004121499  0.0124985434215
0.170875522542  0.0963852453729  0.0135343666884
0.131886583684  0.178876380021  0.0101492104657
0.335849993855  0.816213781792  0.0102793545153
0.301766346723  0.195424239912  0.0100432996122
0.0747046057315  0.637908764464  0.0145776120344
0.280465856917  0.821588169934  0.0117783419439
0.219052503811  0.167045412786  0.0132938156082
0.0228464262284  0.711364140849  0.0129274077329
0.0531857121522  0.533011628119  0.01085541647
0.366224445789  0.450034835647  0.0108288062263
0.170724517239  0.476721999484  0.0109717180626
0.155886492582  0.940824055057  0.0111980955667
0.259829222197  0.0699017461457  0.011550253783
0.255805801762  0.225753435994  0.0126790165752
0.127499801686  0.0573665644462  0.0113426452736
0.223011222523  0.741444127749  0.0114594232137
0.328614737177  0.926784850035  0.0146398138346
0.204471413986  0.832391737036  0.0116980786321
0.198234903468  0.244433424813  0.0123613802657
0.0858607410188  0.956752955567  0.0101068770017
0.236281388361  0.604214817187  0.0139251928003
0.297304630297  0.481274216643  0.0127460025081
0.02125713437  0.869395889939  0.0125961428923
0.310611510886  0.532119831408  0.0117856415546
0.234725553157  0.548133707293  0.0100443302054
0.219045714182  0.216663089464  0.0111539414889
0.0696937737412  0.697674962024  0.0146827619723
0.381009501961  0.470011150816  0.0116016658686
0.376784071388  0.305157904062  0.0115682790166
0.266944866826  0.278341852093  0.0125587032933
0.0853373688687  0.851644185911  0.0101516095763
0.188379155901  0.910052019566  0.0102683169303
0.200847733469  0.382497506351  0.0113046048909
0.0588141456717  0.332311821738  0.0102177901637
0.225892640928  0.866180660779  0.0106145336128
0.0895029171709  0.382287572032  0.0133311804642
0.351388857751  0.73665543647  0.011903375116
0.0885253988304  0.536549364575  0.0102116769988
0.384980580358  0.0714176379127  0.0136727475713
0.0291371476975  0.417422568132  0.0109502586342
0.2325681939  0.398984522549  0.0106865834503
0.210567653148  0.269757550155  0.0128933304368
0.0160243560224  0.13078278313  0.0113198596047
0.282291314567  0.375335981139  0.0106144672458
0.240179633879  0.499609060218  0.0110000295232
0.129465608324  0.988141871608  0.010602588628
0.142943776285  0.031422171638  0.0120275665686
0.190030854895  0.356897761623  0.0127054908526
0.337662478424  0.67195271285  0.0109159133055
0.107042038594  0.850519913288  0.0103015996959
0.117237065906  0.200218028925  0.0135851519897
0.196308530054  0.74010043638  0.0125298958389
0.0131748541781  0.305297062246  0.0114042242121
0.250914591124  0.363796590485  0.0106051664407
0.278435191201  0.0275700534866  0.0143451753351
0.138089170757  0.0833643762412  0.0136642986024
0.172856237852  0.871055385143  0.0112754027587
0.364004445887  0.554264868668  0.0106867021469
0.214595602785  0.920309321884  0.0149085073773
0.240066933039  0.816655178237  0.0117762071109
0.0796452232085  0.225564636717  0.012554238671
0.184013129155  0.201296823658  0.0117681262642
0.303040394608  0.0743023077032  0.0145224310372
0.134335359486  0.610320972335  0.0103782578643
0.151494984314  0.980385356627  0.0109940941003
0.227864863596  0.974371483295  0.0111433564865
0.260782889335  0.404596114909  0.013905231508
0.143629898753  0.760590657887  0.0130448728301
0.256588422015  0.253251698423  0.0120704817122
0.373901134739  0.804278242109  0.0100557928786
0.245980253418  0.29391624908  0.0120114401295
0.366670182598  0.777908443453  0.0114038052326
0.376053595407  0.334709927602  0.0115607520242
0.242753806716  0.205137417618  0.0102566578463
0.265470710006  0.101486793873  0.0122532712614
0.21941822073  0.101185684939  0.0107183879596
0.18624062766  0.650441113921  0.0109805485182
0.184699893533  0.960112252192  0.0106524554959
0.0379410477171  0.0356098674855  0.0134698653133
0.0931957640491  0.756049997027  0.0109256192023
0.258504082136  0.800355113386  0.0100965230763
0.283936319885  0.617325050784  0.0144043621599
0.0476244740501  0.145531282013  0.0117626342874
0.345211468451  0.977157644962  0.0116605002929
0.0272082552069  0.925806464708  0.0115479770587
0.185098983349  0.0404911386392  0.0122343663699
0.0118396220015  0.224927326675  0.0101877558632
0.129587994403  0.939070129195  0.0127316800228
0.123128558345  0.394564513619  0.0127522219039
0.370046416462  0.632645800946  0.0121072684738
0.384330547165  0.654833703057  0.0100595776743
0.340133633777  0.645076102036  0.0117908133389
0.336354556989  0.245320508824  0.0100183911001
0.180099853015  0.138001008682  0.0117930130582
0.30303719038  0.835445268565  0.0139207990719
0.275586574767  0.95495808142  0.0138931701365
0.0921154989008  0.290151105165  0.0116624512186
0.384725675081  0.85381534213  0.0103183341744
0.0180462282217  0.623291202199  0.0145927860038
0.0722219327893  0.565227729758  0.0121852896416
0.138004943498  0.842873177186  0.0148570393297
0.252759556182  0.636861510729  0.0108494825465
0.317545242313  0.627593602179  0.0105473300525
0.145779727149  0.537789777006  0.0104210053254
0.385952645723  0.0419223838235  0.0116202819585
0.358555706765  0.480271365514  0.0125553176861
0.0116731963912  0.580465356835  0.0106270386823
0.196835878135  0.422969907036  0.0143801325533
0.304843491473  0.2653886644  0.0102551803185
0.280256817299  0.539126248323  0.0108629929822
0.10549692494  0.685331575691  0.0149854343006
0.0604793654379  0.383116901759  0.0113827069448
0.378091167415  0.745202143752  0.0146425322859
0.149487659761  0.342488122088  0.0129284717302
0.164956005473  0.120151351912  0.0101301988744
0.360105017729  0.251334807757  0.0132444741265
0.376596694707  0.180004734774  0.0100475663048
0.0151516601  0.843373301652  0.0129585494113
0.111607415472  0.0904023884934  0.0134016781654
0.072916231272  0.0809636170789  0.0103991277206
0.259677476369  0.93237608569  0.0109340008228
0.015506123856  0.808038292005  0.010927722756
0.262279362876  0.514995307599  0.0146438502339
0.382330504007  0.114945600452  0.0139285245367
0.373767629363  0.711286721079  0.0142293713457
0.204492359927  0.483529461763  0.0110024623854
0.384862907904  0.897420892911  0.0100205008478
0.0405416880833  0.082023897001  0.0134995612433
0.387214363424  0.825348929465  0.0108848450642
0.336215470549  0.542758823713  0.0106145680657
0.115593396123  0.714076939847  0.010538973812
0.153107394954  0.242479200298  0.0108731956238
0.301442460667  0.136441241209  0.0132951167734
0.296665083307  0.217712972987  0.0106419829279
0.171273686554  0.444787587744  0.0127676144488
0.388193116935  0.979115857732  0.0104085827888
0.161811297437  0.658631661413  0.0110210359415
0.161837088295  0.367881724158  0.0106061664544
0.34870375012  0.793376502884  0.0112085977138
0.384507581911  0.246193415318  0.0116570392719
0.343556309838  0.519665646817  0.0119840133752
0.0211678799072  0.74053543603  0.0113454105801
0.387401518405  0.444246981141  0.010644096305
0.262035918652  0.311939025724  0.0102828767345
0.238965984712  0.0206088193148  0.0104716404927
0.170926254438  0.808242772947  0.0122436298439
0.011494355753  0.377374979841  0.0100622516653
0.207632336553  0.0538517086485  0.0104592016426
0.136870783599  0.482848726382  0.0109804886693
0.0509028582281  0.576564614916  0.0113505107107
0.0634994283502  0.103517425613  0.0103291763406
0.379954014741  0.939977422205  0.0110539840567
0.134517287622  0.730625678312  0.014012580173
0.298833777482  0.171857274805  0.0135132311476
0.18191259396  0.930096485185  0.0107134300527
0.347131486798  0.588665554465  0.0107099341282
0.207800405536  0.947208560024  0.0117510139172
0.32012580286  0.980111599869  0.0123405545076
0.0490477869263  0.357577645583  0.0109391039993
0.134386452953  0.511998505542  0.0109790123603
0.0948113054763  0.985531392768  0.0103228562591
0.0656760522638  0.43604704268  0.0104909932637
0.177122060102  0.756020886295  0.0105186349752
0.0319911667426  0.323714394804  0.0108447923461
0.274212847168  0.644637935203  0.0100742468149
0.0528897504863  0.868424072049  0.0101004558105
0.220158025976  0.455372055134  0.0102336929232
0.122166440126  0.663713813849  0.0100806216947
0.38420143118  0.39916877029  0.0138221244925
0.352874170962  0.185049082586  0.014114724304
0.386632631643  0.608752001217  0.0105511161991
0.236018184234  0.655132102196  0.0108495218286
0.229207192789  0.630637491873  0.0108584322931
0.0677580835126  0.51544751456  0.0101284787085
0.247510366067  0.748612306615  0.0124352946967
0.0137948001248  0.654973135896  0.012757530522
0.193780542172  0.862809894947  0.0111737205731
0.178160860134  0.293253012278  0.0100793173975
0.0732656627905  0.741143138859  0.0133409630197
0.309987237777  0.686661634788  0.0126518077936
0.0128681599837  0.20076706836  0.0109547927955
0.0176675448112  0.507532755813  0.0108445946317
0.320882956588  0.507846475239  0.0135606727119
0.0647636171246  0.814175672002  0.0111018434864
0.330426911059  0.837401090869  0.0103310575841
0.20690500455  0.544651611746  0.0116623656641
0.312216084141  0.957886306803  0.0102025807223
0.0824372202789  0.143577382371  0.0115542652637
0.0159908740034  0.766249498265  0.012961783643
0.215470847679  0.802474020153  0.0108492692295
0.327099948871  0.406369587065  0.013028406428
0.311647477429  0.881914689851  0.0121713166663
0.385366654891  0.527636940877  0.010507906164
0.159648050354  0.74249668686  0.0100357616207
0.355755334264  0.128995195312  0.0105891181699
0.271836774118  0.907953235797  0.0120183988457
0.0935626271341  0.778622571921  0.0103336576959
0.0858802626434  0.0212770467094  0.0109380444304
0.300803588265  0.776053595199  0.0106952653369
0.0464393701883  0.985543797977  0.0101413989791
0.35321062438  0.850427862228  0.0141573612645
0.244040942626  0.153954417064  0.0107631067437
0.289584924791  0.326856710483  0.0126904719835
0.176275269805  0.337479930742  0.0100221562362
0.0135960036912  0.433054960764  0.0104837734698
0.0138812244396  0.904878414364  0.0112644853179
0.15161657927  0.885758410318  0.0100172695117
0.0119391819957  0.400688228716  0.0106017967582
0.172887121106  0.894716051062  0.0104321728738
0.0423752563751  0.269117992769  0.0104495843727
0.280054177958  0.79049340365  0.0108355596099
0.336481496335  0.0212610261537  0.0106278218031
0.358595274307  0.29224956181  0.0107246626993
0.313952822335  0.557314344673  0.0108355376354
0.0456131807405  0.689795157296  0.0101847343986
0.134668418693  0.272224157187  0.0101938777684
0.0601262797185  0.0637244503194  0.0104780447322
0.218803242203  0.292967463737  0.0108580061142
0.0599214876581  0.792560915599  0.0108158166685
0.345917010714  0.458781626983  0.0100718044089
0.260371169576  0.699213617562  0.011139672707
0.187238179027  0.504780402122  0.0104124329367
0.136274192917  0.961962568144  0.0102191488075
0.135821649219  0.157328574531  0.010439220517
0.0887714856151  0.912334532656  0.0105202689765
0.244000653886  0.916966104768  0.0101342625464
0.132945678433  0.563406486402  0.0100247757069
0.0564724163448  0.222995598733  0.0101813554458
0.0780615348444  0.931581672475  0.0113937560251
0.358553308093  0.0578621325702  0.010627807499
0.175595488663  0.0641277706955  0.0103357458024
0.147534261734  0.108410623929  0.0101849693034
0.206300182239  0.340317906387  0.010518320805
0.314787457575  0.356693961673  0.0103853089656
0.0131561829022  0.0273814836027  0.0100649905472
0.148008113942  0.420638722407  0.0104935928828
0.174293779809  0.574814084402  0.0104064165886
0.364509493826  0.162348889235  0.0108093788636
0.310985477163  0.457571075604  0.0102997187707
0.355548778026  0.228104870966  0.010093982247
0.388155664088  0.769528432692  0.0105515541933
0.227643895998  0.0611119207917  0.0104045370075
0.182455844167  0.394708878321  0.0101755895215
0.0910167432033  0.513223205728  0.0105033595306
0.210871520824  0.402168807837  0.010255708359
0.3862755319  0.548954473071  0.0106483193847
0.191356581021  0.717075253497  0.0106118612067
0.165517914704  0.0250314043357  0.0101125716884
0.18050704664  0.228584730877  0.0105650433337
0.106503612628  0.364226187305  0.0109810779373
0.362053136335  0.084717291652  0.0104435251974
0.0151858571384  0.255641985074  0.0111182901795
0.211760416424  0.141095909517  0.0104193702587
0.0640397203497  0.243815779344  0.0102288935715
0.141312328163  0.672092880322  0.0102251766337
0.080314260886  0.405237375111  0.0103240576186
0.0442403902206  0.752901966633  0.0107541147401
0.387445988771  0.492205576749  0.0100514846289
0.340439461467  0.375605956053  0.0101250768351
0.301081269461  0.860846720413  0.0107587596707
0.27477572338  0.492107044812  0.010544327627
0.225695810747  0.896448921288  0.0100083156608
0.184171351108  0.554002428583  0.0109731047377
0.142228893804  0.196975008707  0.0104537588321
0.325340607099  0.901183320908  0.0105201257728
0.103659919775  0.309486166384  0.0106079523662
0.192542538938  0.180823540099  0.010051901636
0.239957196992  0.182866697317  0.0113363038598
0.0710234070966  0.467680283877  0.0104130286895
0.303445541898  0.021148123988  0.0108480549917
0.0943829536635  0.479325276571  0.0106812511088
0.114206503514  0.641735784715  0.0111822256568
0.103158464178  0.22571002178  0.0107665097038
0.360712673948  0.656145751089  0.0102992154327
0.166863611649  0.53669009949  0.0104505569056
0.0883489655569  0.829687830868  0.0107147609061
0.194471668932  0.811307576308  0.0102088680406
0.0939636229971  0.570073649413  0.0100418214969
0.0803132998594  0.311187641953  0.0101165337736
0.0792453827167  0.671875680579  0.0103075130089
0.209826073016  0.641705808056  0.0100449370297
0.224750595056  0.0401751148448  0.0100383903279
0.222257723775  0.419355031454  0.0100551234027
0.0136646973079  0.481034219112  0.0103382217076
0.383839129728  0.87682117273  0.010021362697
0.25105805148  0.572141231059  0.0103601411615
