0.0 0.0
0.01 0.016849999999999973
0.02 0.06742688535877497
0.030000000000000002 0.15640573832241234
0.04 0.2833716263628704
0.05 0.5485102058355719
0.060000000000000005 1.4211784138911488E14
0.07 1.4457230268387006E14
0.08 1.445707554110068E14
0.09000000000000001 1.4462535823931238E14
0.1 1.4462535804549134E14
0.11 1.4462535785167897E14
0.12000000000000001 1.4462535765786688E14
0.13 1.446253574640548E14
0.14 1.4462535727024275E14
0.15 1.4462535707643062E14
0.16 1.4462535688261847E14
0.17 1.446253566888062E14
0.18000000000000002 1.4462535649499484E14
0.19 1.4462535630118275E14
0.2 1.4462535610737078E14
0.21000000000000002 1.4462535591355872E14
0.22 1.494518185264384E14
0.23 1.4947365609297056E14
0.24000000000000002 1.4947365587166906E14
0.25 1.4947365565036766E14
0.26 1.495518648523857E14
0.27 1.495518646264852E14
0.28 1.495518644005847E14
0.29000000000000004 1.495531657872545E14
0.3 1.4955316556082634E14
0.31 1.495531653343984E14
0.32 1.495644588535332E14
0.33 1.4956445862516E14
0.34 1.4956452581835103E14
0.35000000000000003 1.4956452558982088E14
0.36000000000000004 1.4956452536129094E14
0.37 1.4956594923917375E14
0.38 1.4956594901002088E14
0.39 1.4956596211314072E14
0.4 1.4956596576092075E14
0.41000000000000003 1.4956596553165766E14
0.42000000000000004 1.49565965302394E14
0.43 1.495659656654979E14
0.44 1.4956596543623247E14
0.45 1.4956596532078416E14
0.46 1.495659650915141E14
0.47000000000000003 1.495659648622442E14
0.48000000000000004 1.4956596463297428E14
0.49000000000000005 1.4956596440370453E14
0.5 1.495659641744346E14
0.51 1.495659639451647E14
0.52 1.4956596371589466E14
0.53 1.495659634866248E14
0.54 1.4956596325735494E14
0.55 1.495659630280852E14
0.56 1.495659627988155E14
0.5700000000000001 1.4956596256954562E14
0.5800000000000001 1.4956596234027594E14
0.5900000000000001 1.4956596211100616E14
0.6 1.495659618817365E14
0.61 1.4956596165246675E14
0.62 1.4956596142319703E14
0.63 1.495659611939274E14
0.64 1.495659609646578E14
0.65 1.495659607353881E14
0.66 1.495659605061184E14
0.67 1.4956596027684888E14
0.68 1.4956596004757916E14
0.6900000000000001 1.4956595981830966E14
0.7000000000000001 1.495659595890401E14
0.7100000000000001 1.4956595935977047E14
0.7200000000000001 1.4956595913050103E14
0.73 1.495659589012314E14
0.74 1.49565958671962E14
0.75 1.4956595844269238E14
0.76 1.4956595821342284E14
0.77 1.495659579841535E14
0.78 1.4956595775488397E14
0.79 1.495659575256146E14
0.8 1.4956595729634516E14
0.81 1.4956595706707566E14
0.8200000000000001 1.495659568378063E14
0.8300000000000001 1.495659566085368E14
0.8400000000000001 1.495659563792676E14
0.8500000000000001 1.4956595614999812E14
0.86 1.495659559207289E14
0.87 1.495659556914595E14
0.88 1.4956595546219028E14
0.89 1.4956595523292106E14
0.9 1.4956595500365162E14
0.91 1.4956595477438262E14
0.92 1.4956595454511325E14
0.93 1.4956595431584406E14
0.9400000000000001 1.4956595408657466E14
0.9500000000000001 1.4956595385730553E14
0.9600000000000001 1.4956595362803638E14
0.9700000000000001 1.4956595339876722E14
0.9800000000000001 1.495659531694981E14
0.9900000000000001 1.49565952940229E14
1.0 1.4956595271095975E14
1.01 1.4956595248169072E14
1.02 1.4956595225242162E14
1.03 1.495659520231525E14
1.04 1.495659517938835E14
1.05 1.495659515646144E14
1.06 1.4956595133534544E14
1.07 1.495659511060764E14
1.08 1.495659508768073E14
1.09 1.4956595064753834E14
1.1 1.4956595041826947E14
1.11 1.4956595018900044E14
1.12 1.4956594995973147E14
1.1300000000000001 1.4956594973046253E14
1.1400000000000001 1.4956594950119353E14
1.1500000000000001 1.495659492719247E14
1.1600000000000001 1.4956594904265588E14
1.1700000000000002 1.4956594881338688E14
1.1800000000000002 1.495659485841181E14
1.19 1.4956594835484934E14
1.2 1.495659481255804E14
1.21 1.4956594789631178E14
1.22 1.4956594766704297E14
1.23 1.4956594743777412E14
1.24 1.4956594720850534E14
1.25 1.4956594697923656E14
1.26 1.4956594674996784E14
1.27 1.4956594652069912E14
1.28 1.495659462914305E14
1.29 1.4956594606216166E14
1.3 1.495659458328931E14
1.31 1.4956594560362453E14
1.32 1.4956594537435578E14
1.33 1.4956594514508716E14
1.34 1.4956594491581856E14
1.35 1.495659446865499E14
1.36 1.4956594445728144E14
1.37 1.4956594422801275E14
1.3800000000000001 1.495659439987442E14
1.3900000000000001 1.495659437694756E14
1.4000000000000001 1.4956594354020706E14
1.4100000000000001 1.4956594331093862E14
1.4200000000000002 1.4956594308167006E14
1.4300000000000002 1.4956594285240162E14
1.4400000000000002 1.4956594262313334E14
1.4500000000000002 1.4956594239386478E14
1.46 1.495659421645963E14
1.47 1.49565941935328E14
1.48 1.4956594170605953E14
1.49 1.495659414767912E14
1.5 1.4956594124752278E14
1.51 1.495659410182544E14
1.52 1.4956594078898606E14
1.53 1.495659405597177E14
1.54 1.4956594033044938E14
1.55 1.4956594010118106E14
1.56 1.4956593987191275E14
1.57 1.4956593964264444E14
1.58 1.4956593941337625E14
1.59 1.4956593918410797E14
1.6 1.4956593895483978E14
1.61 1.495659387255715E14
1.62 1.4956593849630328E14
1.6300000000000001 1.4956593826703522E14
1.6400000000000001 1.4956593803776694E14
1.6500000000000001 1.4956593780849894E14
1.6600000000000001 1.495659375792307E14
1.6700000000000002 1.4956593734996256E14
1.6800000000000002 1.4956593712069456E14
1.6900000000000002 1.495659368914266E14
1.7000000000000002 1.495659366621584E14
1.7100000000000002 1.4956593643289028E14
1.72 1.495659362036222E14
1.73 1.4956593597435416E14
1.74 1.4956593574508622E14
1.75 1.4956593551581822E14
1.76 1.4956593528655022E14
1.77 1.4956593505728228E14
1.78 1.4956593482801434E14
1.79 1.4956593459874638E14
1.8 1.4956593436947847E14
1.81 1.4956593414021056E14
1.82 1.4956593391094278E14
1.83 1.4956593368167478E14
1.84 1.4956593345240706E14
1.85 1.4956593322313916E14
1.86 1.4956593299387138E14
1.87 1.4956593276460344E14
1.8800000000000001 1.495659325353356E14
1.8900000000000001 1.49565932306068E14
1.9000000000000001 1.4956593207680012E14
1.9100000000000001 1.4956593184753253E14
1.9200000000000002 1.4956593161826462E14
1.9300000000000002 1.495659313889971E14
1.9400000000000002 1.4956593115972934E14
1.9500000000000002 1.4956593093046162E14
1.9600000000000002 1.4956593070119388E14
1.9700000000000002 1.4956593047192616E14
1.9800000000000002 1.4956593024265862E14
1.99 1.4956593001339097E14
2.0 1.4956592978412347E14
2.0100000000000002 1.495659295548558E14
2.02 1.4956592932558828E14
2.0300000000000002 1.4956592909632056E14
2.04 1.495659288670531E14
2.0500000000000003 1.495659286377856E14
2.06 1.49565928408518E14
2.0700000000000003 1.495659281792504E14
2.08 1.49565927949983E14
2.0900000000000003 1.4956592772071528E14
2.1 1.4956592749144794E14
2.1100000000000003 1.4956592726218047E14
2.12 1.495659270329132E14
2.13 1.4956592680364575E14
2.14 1.495659265743783E14
2.15 1.495659263451109E14
2.16 1.4956592611584347E14
2.17 1.495659258865762E14
2.18 1.49565925657309E14
2.19 1.4956592542804162E14
2.2 1.4956592519877444E14
2.21 1.495659249695071E14
2.22 1.4956592474023978E14
2.23 1.4956592451097244E14
2.24 1.495659242817053E14
2.25 1.4956592405243856E14
2.2600000000000002 1.4956592382317122E14
2.27 1.4956592359390403E14
2.2800000000000002 1.495659233646369E14
2.29 1.495659231353697E14
2.3000000000000003 1.4956592290610325E14
2.31 1.4956592267683597E14
2.3200000000000003 1.4956592244756866E14
2.33 1.495659222183028E14
2.3400000000000003 1.4956592198903575E14
2.35 1.4956592175976862E14
2.3600000000000003 1.4956592153050153E14
2.37 1.4956594416851956E14
2.38 1.4956594393925547E14
2.39 1.495659437099884E14
2.4 1.4956594348072097E14
2.41 1.4956594325146206E14
2.42 1.49565943022195E14
2.43 1.4956594279294094E14
2.44 1.4956594256365425E14
2.45 1.495659423343871E14
2.46 1.4956594210511984E14
2.47 1.4956594187585253E14
2.48 1.4956594164658553E14
2.49 1.495659414173184E14
2.5 1.4956594118805128E14
2.5100000000000002 1.4956594095878416E14
2.52 1.4956594072951697E14
2.5300000000000002 1.4956594050024988E14
2.54 1.495659402709828E14
2.5500000000000003 1.495659400417158E14
2.56 1.4956593981244866E14
2.5700000000000003 1.495659395831817E14
2.58 1.4956593935391475E14
2.5900000000000003 1.4956593912464756E14
2.6 1.495659388953807E14
2.6100000000000003 1.4956593866611384E14
2.62 1.495659384368468E14
2.6300000000000003 1.4956593820757984E14
2.64 1.495659379783129E14
2.65 1.4956593774904597E14
2.66 1.4956593751977897E14
2.67 1.4956593729051222E14
2.68 1.4956593706124544E14
2.69 1.4956593683197853E14
2.7 1.4956593660271166E14
2.71 1.495659363734448E14
2.72 1.4956593614417803E14
2.73 1.495659359149114E14
2.74 1.4956593568564453E14
2.75 1.4956593545637778E14
2.7600000000000002 1.4956593522711106E14
2.77 1.4956593499784416E14
2.7800000000000002 1.495659347685775E14
2.79 1.4956593453931078E14
2.8000000000000003 1.4956593431004422E14
2.81 1.4956593408077747E14
2.8200000000000003 1.4956593385151094E14
2.83 1.4956593362224425E14
2.8400000000000003 1.495659333929777E14
2.85 1.4956593316371097E14
2.8600000000000003 1.4956593293444447E14
2.87 1.4956593270517784E14
2.8800000000000003 1.4956593247591134E14
2.89 1.495659322466448E14
2.9000000000000004 1.4956593201737834E14
2.91 1.495659317881118E14
2.92 1.4956593155884525E14
2.93 1.4956593132957875E14
2.94 1.495659311003122E14
2.95 1.4956593087104588E14
2.96 1.4956593064177938E14
2.97 1.495659304125129E14
2.98 1.495659301832465E14
2.99 1.495659299539802E14
3.0 1.4956592972471388E14
3.0100000000000002 1.4956592949544744E14
3.02 1.4956592926618112E14
3.0300000000000002 1.4956592903691484E14
3.04 1.495659288076485E14
3.0500000000000003 1.495659285783821E14
3.06 1.4956592834911588E14
3.0700000000000003 1.4956592811984953E14
3.08 1.4956592789058338E14
3.0900000000000003 1.495659276613171E14
3.1 1.495659274320507E14
3.1100000000000003 1.4956592720278456E14
3.12 1.495659269735184E14
3.1300000000000003 1.495659267442524E14
3.14 1.4956592651498612E14
3.1500000000000004 1.4956592628571994E14
3.16 1.4956592605645388E14
3.1700000000000004 1.495659258271877E14
3.18 1.4956592559792166E14
3.19 1.495659253686555E14
3.2 1.495659251393893E14
3.21 1.4956592491012344E14
3.22 1.495659246808574E14
3.23 1.4956592445159138E14
3.24 1.495659242223253E14
3.25 1.4956592399305934E14
3.2600000000000002 1.495659237637934E14
3.27 1.495659235345275E14
3.2800000000000002 1.4956592330526144E14
3.29 1.4956592307599547E14
3.3000000000000003 1.4956592284672953E14
3.31 1.495659226174637E14
3.3200000000000003 1.4956592238819778E14
3.33 1.4956592215893197E14
3.3400000000000003 1.4956592192966603E14
3.35 1.4956592170040022E14
3.3600000000000003 1.4956592147113438E14
3.37 1.495659212418685E14
3.3800000000000003 1.495659210126028E14
3.39 1.495659207833369E14
3.4000000000000004 1.4956592055407112E14
3.41 1.4956592032480538E14
3.4200000000000004 1.4956592009553975E14
3.43 1.4956591986627403E14
3.44 1.4956591963700838E14
3.45 1.4956591940774253E14
3.46 1.4956591917847706E14
3.47 1.495659189492112E14
3.48 1.4956591871994566E14
3.49 1.4956591849068012E14
3.5 1.495659182614144E14
3.5100000000000002 1.4956591803214872E14
3.52 1.4956591780288328E14
3.5300000000000002 1.4956591757361772E14
3.54 1.495659173443521E14
3.5500000000000003 1.495659171150864E14
3.56 1.495659168858211E14
3.5700000000000003 1.495659166565554E14
3.58 1.4956591642729003E14
3.5900000000000003 1.4956591619802453E14
3.6 1.4956591596875906E14
3.6100000000000003 1.495659157394935E14
3.62 1.495659155102282E14
3.6300000000000003 1.495659152809628E14
3.64 1.495659150516974E14
3.6500000000000004 1.49565914822432E14
3.66 1.4956591459316662E14
3.6700000000000004 1.4956591436390134E14
3.68 1.495659141346359E14
3.6900000000000004 1.4956591390537056E14
3.7 1.4956591367610528E14
3.71 1.4956591344683997E14
3.72 1.4956591321757456E14
3.73 1.4956591298830944E14
3.74 1.495659127590442E14
3.75 1.4956591252977897E14
3.7600000000000002 1.4956591230051372E14
3.77 1.4956591207124853E14
3.7800000000000002 1.4956591184198328E14
3.79 1.4956591161271812E14
3.8000000000000003 1.49565911383453E14
3.81 1.4956591115418778E14
3.8200000000000003 1.4956591092492262E14
3.83 1.4956591069565756E14
3.8400000000000003 1.495659104663924E14
3.85 1.4956591023712744E14
3.8600000000000003 1.4956591000786244E14
3.87 1.4956590977859728E14
3.8800000000000003 1.495659095493322E14
3.89 1.4956590932006722E14
3.9000000000000004 1.4956590909080225E14
3.91 1.495659088615372E14
3.9200000000000004 1.4956590863227228E14
3.93 1.4956590840300725E14
3.9400000000000004 1.495659081737424E14
3.95 1.495659079444773E14
3.9600000000000004 1.4956590771521256E14
3.97 1.4956590748594756E14
3.98 1.4956590725668266E14
3.99 1.4956590702741784E14
4.0 1.4956590679815288E14
4.01 1.495659065688882E14
4.0200000000000005 1.495659063396233E14
4.03 1.4956590611035856E14
4.04 1.4956590588109375E14
4.05 1.4956590565182884E14
4.0600000000000005 1.495659054225642E14
4.07 1.495659051932995E14
4.08 1.4956590496403462E14
4.09 1.4956590473476994E14
4.1000000000000005 1.4956590450550512E14
4.11 1.4956590427624056E14
4.12 1.495659040469758E14
4.13 1.4956590381771125E14
4.140000000000001 1.4956590358844656E14
4.15 1.4956590335918184E14
4.16 1.4956590312991712E14
4.17 1.495659029006527E14
4.180000000000001 1.4956590267138812E14
4.19 1.4956590244212366E14
4.2 1.4956590221285906E14
4.21 1.4956590198359462E14
4.220000000000001 1.4956590175432997E14
4.23 1.4956590152506547E14
4.24 1.4956590129580097E14
4.25 1.4956590106653656E14
4.26 1.4956590083727197E14
4.2700000000000005 1.495659006080076E14
4.28 1.4956590037874316E14
4.29 1.495659001494787E14
4.3 1.4956589992021444E14
4.3100000000000005 1.4956589969094997E14
4.32 1.495658994616857E14
4.33 1.495658992324212E14
4.34 1.495658990031569E14
4.3500000000000005 1.495658987738927E14
4.36 1.4956589854462828E14
4.37 1.4956589831536394E14
4.38 1.4956589808609975E14
4.390000000000001 1.4956589785683547E14
4.4 1.495658976275712E14
4.41 1.4956589739830694E14
4.42 1.4956589716904272E14
4.430000000000001 1.4956589693977853E14
4.44 1.4956589671051438E14
4.45 1.4956589648125028E14
4.46 1.4956589625198606E14
4.470000000000001 1.4956589602272197E14
4.48 1.4956589579345778E14
4.49 1.4956589556419362E14
4.5 1.4956589533492953E14
4.51 1.495658951056654E14
4.5200000000000005 1.4956589487640153E14
4.53 1.4956589464713734E14
4.54 1.495658944178731E14
4.55 1.4956589418860928E14
4.5600000000000005 1.4956589395934538E14
4.57 1.4956589373008125E14
4.58 1.495658935008174E14
4.59 1.4956589327155334E14
4.6000000000000005 1.495658930422894E14
4.61 1.4956589281302553E14
4.62 1.495658925837616E14
4.63 1.4956589235449772E14
4.640000000000001 1.4956589212523384E14
4.65 1.4956589189596997E14
4.66 1.49565891666706E14
4.67 1.4956589143744228E14
4.680000000000001 1.4956589120817844E14
4.69 1.4956589097891466E14
4.7 1.4956589074965075E14
4.71 1.4956589052038703E14
4.720000000000001 1.495658902911233E14
4.73 1.4956589006185956E14
4.74 1.495658898325959E14
4.75 1.4956588960333206E14
4.76 1.4956588937406838E14
4.7700000000000005 1.4956588914480466E14
4.78 1.495658889155411E14
4.79 1.495658886862773E14
4.8 1.4956588845701375E14
4.8100000000000005 1.4956588822775012E14
4.82 1.4956588799848656E14
4.83 1.495658877692229E14
4.84 1.4956588753995928E14
4.8500000000000005 1.495658873106957E14
4.86 1.4956588708143206E14
4.87 1.4956588685216878E14
4.88 1.4956588662290516E14
4.890000000000001 1.4956588639364162E14
4.9 1.4956588616437816E14
4.91 1.495658859351148E14
4.92 1.4956588570585125E14
4.930000000000001 1.4956588547658778E14
4.94 1.4956588524732434E14
4.95 1.495658850180611E14
4.96 1.4956588478879766E14
4.970000000000001 1.4956588455953428E14
4.98 1.4956588433027084E14
4.99 1.4956588410100747E14
5.0 1.4956588387174412E14
